   180
     1   -0.346888   -0.600827    0.000000       0.003086
     2   -0.303527   -0.525724    0.000000       0.003086
     3   -0.260166   -0.450620    0.000000       0.003086
     4   -0.216805   -0.375517    0.000000       0.003086
     5   -0.173444   -0.300413    0.000000       0.003086
     6   -0.130083   -0.225310    0.000000       0.003086
     7   -0.086722   -0.150207    0.000000       0.003086
     8   -0.043361   -0.075103    0.000000       0.003086
     9    0.000000    0.000000    0.000000       0.003086
    10    0.043361    0.075103    0.000000       0.003086
    11    0.086722    0.150207    0.000000       0.003086
    12    0.130083    0.225310    0.000000       0.003086
    13    0.173444    0.300413    0.000000       0.003086
    14    0.216805    0.375517    0.000000       0.003086
    15    0.260166    0.450620    0.000000       0.003086
    16    0.303527    0.525724    0.000000       0.003086
    17    0.346888    0.600827    0.000000       0.003086
    18    0.390248    0.675930    0.000000       0.003086
    19   -0.303527   -0.675930    0.000000       0.006173
    20   -0.260166   -0.600827    0.000000       0.006173
    21   -0.216805   -0.525724    0.000000       0.006173
    22   -0.173444   -0.450620    0.000000       0.006173
    23   -0.130083   -0.375517    0.000000       0.006173
    24   -0.086722   -0.300413    0.000000       0.006173
    25   -0.043361   -0.225310    0.000000       0.006173
    26    0.000000   -0.150207    0.000000       0.006173
    27    0.043361   -0.075103    0.000000       0.006173
    28    0.086722    0.000000    0.000000       0.006173
    29    0.130083    0.075103    0.000000       0.006173
    30    0.173444    0.150207    0.000000       0.006173
    31    0.216805    0.225310    0.000000       0.006173
    32    0.260166    0.300413    0.000000       0.006173
    33    0.303527    0.375517    0.000000       0.006173
    34    0.346888    0.450620    0.000000       0.006173
    35    0.390248    0.525724    0.000000       0.006173
    36    0.433609    0.600827    0.000000       0.006173
    37   -0.260166   -0.751034    0.000000       0.006173
    38   -0.216805   -0.675930    0.000000       0.006173
    39   -0.173444   -0.600827    0.000000       0.006173
    40   -0.130083   -0.525724    0.000000       0.006173
    41   -0.086722   -0.450620    0.000000       0.006173
    42   -0.043361   -0.375517    0.000000       0.006173
    43    0.000000   -0.300413    0.000000       0.006173
    44    0.043361   -0.225310    0.000000       0.006173
    45    0.086722   -0.150207    0.000000       0.006173
    46    0.130083   -0.075103    0.000000       0.006173
    47    0.173444    0.000000    0.000000       0.006173
    48    0.216805    0.075103    0.000000       0.006173
    49    0.260166    0.150207    0.000000       0.006173
    50    0.303527    0.225310    0.000000       0.006173
    51    0.346888    0.300413    0.000000       0.006173
    52    0.390248    0.375517    0.000000       0.006173
    53    0.433609    0.450620    0.000000       0.006173
    54    0.476970    0.525724    0.000000       0.006173
    55   -0.216805   -0.826137    0.000000       0.006173
    56   -0.173444   -0.751034    0.000000       0.006173
    57   -0.130083   -0.675930    0.000000       0.006173
    58   -0.086722   -0.600827    0.000000       0.006173
    59   -0.043361   -0.525724    0.000000       0.006173
    60    0.000000   -0.450620    0.000000       0.006173
    61    0.043361   -0.375517    0.000000       0.006173
    62    0.086722   -0.300413    0.000000       0.006173
    63    0.130083   -0.225310    0.000000       0.006173
    64    0.173444   -0.150207    0.000000       0.006173
    65    0.216805   -0.075103    0.000000       0.006173
    66    0.260166    0.000000    0.000000       0.006173
    67    0.303527    0.075103    0.000000       0.006173
    68    0.346888    0.150207    0.000000       0.006173
    69    0.390248    0.225310    0.000000       0.006173
    70    0.433609    0.300413    0.000000       0.006173
    71    0.476970    0.375517    0.000000       0.006173
    72    0.520331    0.450620    0.000000       0.006173
    73   -0.173444   -0.901240    0.000000       0.006173
    74   -0.130083   -0.826137    0.000000       0.006173
    75   -0.086722   -0.751034    0.000000       0.006173
    76   -0.043361   -0.675930    0.000000       0.006173
    77    0.000000   -0.600827    0.000000       0.006173
    78    0.043361   -0.525724    0.000000       0.006173
    79    0.086722   -0.450620    0.000000       0.006173
    80    0.130083   -0.375517    0.000000       0.006173
    81    0.173444   -0.300413    0.000000       0.006173
    82    0.216805   -0.225310    0.000000       0.006173
    83    0.260166   -0.150207    0.000000       0.006173
    84    0.303527   -0.075103    0.000000       0.006173
    85    0.346888    0.000000    0.000000       0.006173
    86    0.390248    0.075103    0.000000       0.006173
    87    0.433609    0.150207    0.000000       0.006173
    88    0.476970    0.225310    0.000000       0.006173
    89    0.520331    0.300413    0.000000       0.006173
    90    0.563692    0.375517    0.000000       0.006173
    91   -0.130083   -0.976344    0.000000       0.006173
    92   -0.086722   -0.901240    0.000000       0.006173
    93   -0.043361   -0.826137    0.000000       0.006173
    94    0.000000   -0.751034    0.000000       0.006173
    95    0.043361   -0.675930    0.000000       0.006173
    96    0.086722   -0.600827    0.000000       0.006173
    97    0.130083   -0.525724    0.000000       0.006173
    98    0.173444   -0.450620    0.000000       0.006173
    99    0.216805   -0.375517    0.000000       0.006173
   100    0.260166   -0.300413    0.000000       0.006173
   101    0.303527   -0.225310    0.000000       0.006173
   102    0.346888   -0.150207    0.000000       0.006173
   103    0.390248   -0.075103    0.000000       0.006173
   104    0.433609    0.000000    0.000000       0.006173
   105    0.476970    0.075103    0.000000       0.006173
   106    0.520331    0.150207    0.000000       0.006173
   107    0.563692    0.225310    0.000000       0.006173
   108    0.607053    0.300413    0.000000       0.006173
   109   -0.086722   -1.051447    0.000000       0.006173
   110   -0.043361   -0.976344    0.000000       0.006173
   111    0.000000   -0.901240    0.000000       0.006173
   112    0.043361   -0.826137    0.000000       0.006173
   113    0.086722   -0.751034    0.000000       0.006173
   114    0.130083   -0.675930    0.000000       0.006173
   115    0.173444   -0.600827    0.000000       0.006173
   116    0.216805   -0.525724    0.000000       0.006173
   117    0.260166   -0.450620    0.000000       0.006173
   118    0.303527   -0.375517    0.000000       0.006173
   119    0.346888   -0.300413    0.000000       0.006173
   120    0.390248   -0.225310    0.000000       0.006173
   121    0.433609   -0.150207    0.000000       0.006173
   122    0.476970   -0.075103    0.000000       0.006173
   123    0.520331    0.000000    0.000000       0.006173
   124    0.563692    0.075103    0.000000       0.006173
   125    0.607053    0.150207    0.000000       0.006173
   126    0.650414    0.225310    0.000000       0.006173
   127   -0.043361   -1.126550    0.000000       0.006173
   128    0.000000   -1.051447    0.000000       0.006173
   129    0.043361   -0.976344    0.000000       0.006173
   130    0.086722   -0.901240    0.000000       0.006173
   131    0.130083   -0.826137    0.000000       0.006173
   132    0.173444   -0.751034    0.000000       0.006173
   133    0.216805   -0.675930    0.000000       0.006173
   134    0.260166   -0.600827    0.000000       0.006173
   135    0.303527   -0.525724    0.000000       0.006173
   136    0.346888   -0.450620    0.000000       0.006173
   137    0.390248   -0.375517    0.000000       0.006173
   138    0.433609   -0.300413    0.000000       0.006173
   139    0.476970   -0.225310    0.000000       0.006173
   140    0.520331   -0.150207    0.000000       0.006173
   141    0.563692   -0.075103    0.000000       0.006173
   142    0.607053    0.000000    0.000000       0.006173
   143    0.650414    0.075103    0.000000       0.006173
   144    0.693775    0.150207    0.000000       0.006173
   145    0.000000   -1.201654    0.000000       0.006173
   146    0.043361   -1.126550    0.000000       0.006173
   147    0.086722   -1.051447    0.000000       0.006173
   148    0.130083   -0.976344    0.000000       0.006173
   149    0.173444   -0.901240    0.000000       0.006173
   150    0.216805   -0.826137    0.000000       0.006173
   151    0.260166   -0.751034    0.000000       0.006173
   152    0.303527   -0.675930    0.000000       0.006173
   153    0.346888   -0.600827    0.000000       0.006173
   154    0.390248   -0.525724    0.000000       0.006173
   155    0.433609   -0.450620    0.000000       0.006173
   156    0.476970   -0.375517    0.000000       0.006173
   157    0.520331   -0.300413    0.000000       0.006173
   158    0.563692   -0.225310    0.000000       0.006173
   159    0.607053   -0.150207    0.000000       0.006173
   160    0.650414   -0.075103    0.000000       0.006173
   161    0.693775    0.000000    0.000000       0.006173
   162    0.737136    0.075103    0.000000       0.006173
   163    0.043361   -1.276757    0.000000       0.003086
   164    0.086722   -1.201654    0.000000       0.003086
   165    0.130083   -1.126550    0.000000       0.003086
   166    0.173444   -1.051447    0.000000       0.003086
   167    0.216805   -0.976344    0.000000       0.003086
   168    0.260166   -0.901240    0.000000       0.003086
   169    0.303527   -0.826137    0.000000       0.003086
   170    0.346888   -0.751034    0.000000       0.003086
   171    0.390248   -0.675930    0.000000       0.003086
   172    0.433609   -0.600827    0.000000       0.003086
   173    0.476970   -0.525724    0.000000       0.003086
   174    0.520331   -0.450620    0.000000       0.003086
   175    0.563692   -0.375517    0.000000       0.003086
   176    0.607053   -0.300413    0.000000       0.003086
   177    0.650414   -0.225310    0.000000       0.003086
   178    0.693775   -0.150207    0.000000       0.003086
   179    0.737136   -0.075103    0.000000       0.003086
   180    0.780497    0.000000    0.000000       0.003086
