   231
     1   -0.371665   -0.643743    0.000000       0.002268
     2   -0.334499   -0.579369    0.000000       0.002268
     3   -0.297332   -0.514994    0.000000       0.002268
     4   -0.260166   -0.450620    0.000000       0.002268
     5   -0.222999   -0.386246    0.000000       0.002268
     6   -0.185833   -0.321872    0.000000       0.002268
     7   -0.148666   -0.257497    0.000000       0.002268
     8   -0.111500   -0.193123    0.000000       0.002268
     9   -0.074333   -0.128749    0.000000       0.002268
    10   -0.037167   -0.064374    0.000000       0.002268
    11    0.000000    0.000000    0.000000       0.002268
    12    0.037167    0.064374    0.000000       0.002268
    13    0.074333    0.128749    0.000000       0.002268
    14    0.111500    0.193123    0.000000       0.002268
    15    0.148666    0.257497    0.000000       0.002268
    16    0.185833    0.321872    0.000000       0.002268
    17    0.222999    0.386246    0.000000       0.002268
    18    0.260166    0.450620    0.000000       0.002268
    19    0.297332    0.514994    0.000000       0.002268
    20    0.334499    0.579369    0.000000       0.002268
    21    0.371665    0.643743    0.000000       0.002268
    22   -0.334499   -0.708117    0.000000       0.004535
    23   -0.297332   -0.643743    0.000000       0.004535
    24   -0.260166   -0.579369    0.000000       0.004535
    25   -0.222999   -0.514994    0.000000       0.004535
    26   -0.185833   -0.450620    0.000000       0.004535
    27   -0.148666   -0.386246    0.000000       0.004535
    28   -0.111500   -0.321872    0.000000       0.004535
    29   -0.074333   -0.257497    0.000000       0.004535
    30   -0.037167   -0.193123    0.000000       0.004535
    31    0.000000   -0.128749    0.000000       0.004535
    32    0.037167   -0.064374    0.000000       0.004535
    33    0.074333    0.000000    0.000000       0.004535
    34    0.111500    0.064374    0.000000       0.004535
    35    0.148666    0.128749    0.000000       0.004535
    36    0.185833    0.193123    0.000000       0.004535
    37    0.222999    0.257497    0.000000       0.004535
    38    0.260166    0.321872    0.000000       0.004535
    39    0.297332    0.386246    0.000000       0.004535
    40    0.334499    0.450620    0.000000       0.004535
    41    0.371665    0.514994    0.000000       0.004535
    42    0.408832    0.579369    0.000000       0.004535
    43   -0.297332   -0.772492    0.000000       0.004535
    44   -0.260166   -0.708117    0.000000       0.004535
    45   -0.222999   -0.643743    0.000000       0.004535
    46   -0.185833   -0.579369    0.000000       0.004535
    47   -0.148666   -0.514994    0.000000       0.004535
    48   -0.111500   -0.450620    0.000000       0.004535
    49   -0.074333   -0.386246    0.000000       0.004535
    50   -0.037167   -0.321872    0.000000       0.004535
    51    0.000000   -0.257497    0.000000       0.004535
    52    0.037167   -0.193123    0.000000       0.004535
    53    0.074333   -0.128749    0.000000       0.004535
    54    0.111500   -0.064374    0.000000       0.004535
    55    0.148666    0.000000    0.000000       0.004535
    56    0.185833    0.064374    0.000000       0.004535
    57    0.222999    0.128749    0.000000       0.004535
    58    0.260166    0.193123    0.000000       0.004535
    59    0.297332    0.257497    0.000000       0.004535
    60    0.334499    0.321872    0.000000       0.004535
    61    0.371665    0.386246    0.000000       0.004535
    62    0.408832    0.450620    0.000000       0.004535
    63    0.445998    0.514994    0.000000       0.004535
    64   -0.260166   -0.836866    0.000000       0.004535
    65   -0.222999   -0.772492    0.000000       0.004535
    66   -0.185833   -0.708117    0.000000       0.004535
    67   -0.148666   -0.643743    0.000000       0.004535
    68   -0.111500   -0.579369    0.000000       0.004535
    69   -0.074333   -0.514994    0.000000       0.004535
    70   -0.037167   -0.450620    0.000000       0.004535
    71    0.000000   -0.386246    0.000000       0.004535
    72    0.037167   -0.321872    0.000000       0.004535
    73    0.074333   -0.257497    0.000000       0.004535
    74    0.111500   -0.193123    0.000000       0.004535
    75    0.148666   -0.128749    0.000000       0.004535
    76    0.185833   -0.064374    0.000000       0.004535
    77    0.222999    0.000000    0.000000       0.004535
    78    0.260166    0.064374    0.000000       0.004535
    79    0.297332    0.128749    0.000000       0.004535
    80    0.334499    0.193123    0.000000       0.004535
    81    0.371665    0.257497    0.000000       0.004535
    82    0.408832    0.321872    0.000000       0.004535
    83    0.445998    0.386246    0.000000       0.004535
    84    0.483165    0.450620    0.000000       0.004535
    85   -0.222999   -0.901240    0.000000       0.004535
    86   -0.185833   -0.836866    0.000000       0.004535
    87   -0.148666   -0.772492    0.000000       0.004535
    88   -0.111500   -0.708117    0.000000       0.004535
    89   -0.074333   -0.643743    0.000000       0.004535
    90   -0.037167   -0.579369    0.000000       0.004535
    91    0.000000   -0.514994    0.000000       0.004535
    92    0.037167   -0.450620    0.000000       0.004535
    93    0.074333   -0.386246    0.000000       0.004535
    94    0.111500   -0.321872    0.000000       0.004535
    95    0.148666   -0.257497    0.000000       0.004535
    96    0.185833   -0.193123    0.000000       0.004535
    97    0.222999   -0.128749    0.000000       0.004535
    98    0.260166   -0.064374    0.000000       0.004535
    99    0.297332    0.000000    0.000000       0.004535
   100    0.334499    0.064374    0.000000       0.004535
   101    0.371665    0.128749    0.000000       0.004535
   102    0.408832    0.193123    0.000000       0.004535
   103    0.445998    0.257497    0.000000       0.004535
   104    0.483165    0.321872    0.000000       0.004535
   105    0.520331    0.386246    0.000000       0.004535
   106   -0.185833   -0.965615    0.000000       0.004535
   107   -0.148666   -0.901240    0.000000       0.004535
   108   -0.111500   -0.836866    0.000000       0.004535
   109   -0.074333   -0.772492    0.000000       0.004535
   110   -0.037167   -0.708117    0.000000       0.004535
   111    0.000000   -0.643743    0.000000       0.004535
   112    0.037167   -0.579369    0.000000       0.004535
   113    0.074333   -0.514994    0.000000       0.004535
   114    0.111500   -0.450620    0.000000       0.004535
   115    0.148666   -0.386246    0.000000       0.004535
   116    0.185833   -0.321872    0.000000       0.004535
   117    0.222999   -0.257497    0.000000       0.004535
   118    0.260166   -0.193123    0.000000       0.004535
   119    0.297332   -0.128749    0.000000       0.004535
   120    0.334499   -0.064374    0.000000       0.004535
   121    0.371665    0.000000    0.000000       0.004535
   122    0.408832    0.064374    0.000000       0.004535
   123    0.445998    0.128749    0.000000       0.004535
   124    0.483165    0.193123    0.000000       0.004535
   125    0.520331    0.257497    0.000000       0.004535
   126    0.557498    0.321872    0.000000       0.004535
   127   -0.148666   -1.029989    0.000000       0.004535
   128   -0.111500   -0.965615    0.000000       0.004535
   129   -0.074333   -0.901240    0.000000       0.004535
   130   -0.037167   -0.836866    0.000000       0.004535
   131    0.000000   -0.772492    0.000000       0.004535
   132    0.037167   -0.708117    0.000000       0.004535
   133    0.074333   -0.643743    0.000000       0.004535
   134    0.111500   -0.579369    0.000000       0.004535
   135    0.148666   -0.514994    0.000000       0.004535
   136    0.185833   -0.450620    0.000000       0.004535
   137    0.222999   -0.386246    0.000000       0.004535
   138    0.260166   -0.321872    0.000000       0.004535
   139    0.297332   -0.257497    0.000000       0.004535
   140    0.334499   -0.193123    0.000000       0.004535
   141    0.371665   -0.128749    0.000000       0.004535
   142    0.408832   -0.064374    0.000000       0.004535
   143    0.445998    0.000000    0.000000       0.004535
   144    0.483165    0.064374    0.000000       0.004535
   145    0.520331    0.128749    0.000000       0.004535
   146    0.557498    0.193123    0.000000       0.004535
   147    0.594664    0.257497    0.000000       0.004535
   148   -0.111500   -1.094363    0.000000       0.004535
   149   -0.074333   -1.029989    0.000000       0.004535
   150   -0.037167   -0.965615    0.000000       0.004535
   151    0.000000   -0.901240    0.000000       0.004535
   152    0.037167   -0.836866    0.000000       0.004535
   153    0.074333   -0.772492    0.000000       0.004535
   154    0.111500   -0.708117    0.000000       0.004535
   155    0.148666   -0.643743    0.000000       0.004535
   156    0.185833   -0.579369    0.000000       0.004535
   157    0.222999   -0.514994    0.000000       0.004535
   158    0.260166   -0.450620    0.000000       0.004535
   159    0.297332   -0.386246    0.000000       0.004535
   160    0.334499   -0.321872    0.000000       0.004535
   161    0.371665   -0.257497    0.000000       0.004535
   162    0.408832   -0.193123    0.000000       0.004535
   163    0.445998   -0.128749    0.000000       0.004535
   164    0.483165   -0.064374    0.000000       0.004535
   165    0.520331    0.000000    0.000000       0.004535
   166    0.557498    0.064374    0.000000       0.004535
   167    0.594664    0.128749    0.000000       0.004535
   168    0.631831    0.193123    0.000000       0.004535
   169   -0.074333   -1.158738    0.000000       0.004535
   170   -0.037167   -1.094363    0.000000       0.004535
   171    0.000000   -1.029989    0.000000       0.004535
   172    0.037167   -0.965615    0.000000       0.004535
   173    0.074333   -0.901240    0.000000       0.004535
   174    0.111500   -0.836866    0.000000       0.004535
   175    0.148666   -0.772492    0.000000       0.004535
   176    0.185833   -0.708117    0.000000       0.004535
   177    0.222999   -0.643743    0.000000       0.004535
   178    0.260166   -0.579369    0.000000       0.004535
   179    0.297332   -0.514994    0.000000       0.004535
   180    0.334499   -0.450620    0.000000       0.004535
   181    0.371665   -0.386246    0.000000       0.004535
   182    0.408832   -0.321872    0.000000       0.004535
   183    0.445998   -0.257497    0.000000       0.004535
   184    0.483165   -0.193123    0.000000       0.004535
   185    0.520331   -0.128749    0.000000       0.004535
   186    0.557498   -0.064374    0.000000       0.004535
   187    0.594664    0.000000    0.000000       0.004535
   188    0.631831    0.064374    0.000000       0.004535
   189    0.668997    0.128749    0.000000       0.004535
   190   -0.037167   -1.223112    0.000000       0.004535
   191    0.000000   -1.158738    0.000000       0.004535
   192    0.037167   -1.094363    0.000000       0.004535
   193    0.074333   -1.029989    0.000000       0.004535
   194    0.111500   -0.965615    0.000000       0.004535
   195    0.148666   -0.901240    0.000000       0.004535
   196    0.185833   -0.836866    0.000000       0.004535
   197    0.222999   -0.772492    0.000000       0.004535
   198    0.260166   -0.708117    0.000000       0.004535
   199    0.297332   -0.643743    0.000000       0.004535
   200    0.334499   -0.579369    0.000000       0.004535
   201    0.371665   -0.514994    0.000000       0.004535
   202    0.408832   -0.450620    0.000000       0.004535
   203    0.445998   -0.386246    0.000000       0.004535
   204    0.483165   -0.321872    0.000000       0.004535
   205    0.520331   -0.257497    0.000000       0.004535
   206    0.557498   -0.193123    0.000000       0.004535
   207    0.594664   -0.128749    0.000000       0.004535
   208    0.631831   -0.064374    0.000000       0.004535
   209    0.668997    0.000000    0.000000       0.004535
   210    0.706164    0.064374    0.000000       0.004535
   211    0.000000   -1.287486    0.000000       0.004535
   212    0.037167   -1.223112    0.000000       0.004535
   213    0.074333   -1.158738    0.000000       0.004535
   214    0.111500   -1.094363    0.000000       0.004535
   215    0.148666   -1.029989    0.000000       0.004535
   216    0.185833   -0.965615    0.000000       0.004535
   217    0.222999   -0.901240    0.000000       0.004535
   218    0.260166   -0.836866    0.000000       0.004535
   219    0.297332   -0.772492    0.000000       0.004535
   220    0.334499   -0.708117    0.000000       0.004535
   221    0.371665   -0.643743    0.000000       0.004535
   222    0.408832   -0.579369    0.000000       0.004535
   223    0.445998   -0.514994    0.000000       0.004535
   224    0.483165   -0.450620    0.000000       0.004535
   225    0.520331   -0.386246    0.000000       0.004535
   226    0.557498   -0.321872    0.000000       0.004535
   227    0.594664   -0.257497    0.000000       0.004535
   228    0.631831   -0.193123    0.000000       0.004535
   229    0.668997   -0.128749    0.000000       0.004535
   230    0.706164   -0.064374    0.000000       0.004535
   231    0.743330    0.000000    0.000000       0.004535
